name: orthofinder
channels:
  - conda-forge
  - bioconda
  - defaults
dependencies:
  - aria2=1.36.0=h60ae3c3_3
  - blast=2.12.0=h0370960_3
  - boost-cpp=1.74.0=h8b082ac_8
  - bzip2=1.0.8=h0d85af4_4
  - c-ares=1.18.1=h0d85af4_0
  - ca-certificates=2023.7.22=h8857fd0_0
  - curl=7.85.0=h581aaea_0
  - diamond=2.0.15=h9d1909e_1
  - entrez-direct=16.2=h193322a_1
  - fastme=2.1.6.1=ha5712d3_1
  - fasttree=2.1.11=hdcdfbac_1
  - gawk=5.1.0=h8a989fb_0
  - gettext=0.21.1=h8a4c099_0
  - gmp=6.2.1=h2e338ed_0
  - icu=70.1=h96cf925_0
  - iqtree=2.2.0.3=h135ad0d_1
  - krb5=1.19.3=hb98e516_0
  - libblas=3.9.0=16_osx64_openblas
  - libcblas=3.9.0=16_osx64_openblas
  - libcurl=7.85.0=h581aaea_0
  - libcxx=14.0.6=hccf4f1f_0
  - libedit=3.1.20191231=h0678c8f_2
  - libev=4.33=haf1e3a3_1
  - libffi=3.4.2=h0d85af4_5
  - libgfortran=5.0.0=10_4_0_h97931a8_25
  - libgfortran5=11.3.0=h082f757_25
  - libiconv=1.17=hac89ed1_0
  - libidn2=2.3.3=hac89ed1_0
  - liblapack=3.9.0=16_osx64_openblas
  - libnghttp2=1.47.0=h5aae05b_1
  - libopenblas=0.3.21=openmp_h429af6e_3
  - libsqlite=3.39.4=ha978bb4_0
  - libssh2=1.10.0=h47af595_3
  - libunistring=0.9.10=h0d85af4_0
  - libxml2=2.10.3=hb9e07b5_0
  - libzlib=1.2.13=hfd90126_4
  - llvm-openmp=14.0.4=ha654fa7_0
  - mafft=7.508=ha5712d3_0
  - mcl=14.137=pl5321ha5712d3_8
  - mmseqs2=14.7e284=pl5321h893b172_0
  - mpi=1.0=openmpi
  - muscle=5.1=hb339e23_1
  - ncurses=6.3=h96cf925_1
  - numpy=1.21.6=py37h345d48f_0
  - openmpi=4.1.4=h4fe9131_101
  - openssl=3.1.2=h8a1eda9_0
  - orthofinder=2.5.5=hdfd78af_1
  - pcre=8.45=he49afe7_0
  - perl=5.32.1=2_h0d85af4_perl5
  - perl-archive-tar=2.40=pl5321hdfd78af_0
  - perl-carp=1.50=pl5321hd8ed1ab_0
  - perl-common-sense=3.75=pl5321hd8ed1ab_0
  - perl-compress-raw-bzip2=2.201=pl5321h775f41a_0
  - perl-compress-raw-zlib=2.202=pl5321h775f41a_0
  - perl-encode=3.19=pl5321hb7f2c08_0
  - perl-exporter=5.74=pl5321hd8ed1ab_0
  - perl-exporter-tiny=1.002002=pl5321hd8ed1ab_0
  - perl-extutils-makemaker=7.64=pl5321hd8ed1ab_0
  - perl-io-compress=2.201=pl5321h9722bc1_0
  - perl-io-zlib=1.11=pl5321hdfd78af_0
  - perl-json=4.10=pl5321hdfd78af_0
  - perl-json-xs=2.34=pl5321hcd10b59_5
  - perl-list-moreutils=0.430=pl5321hdfd78af_0
  - perl-list-moreutils-xs=0.430=pl5321ha5712d3_1
  - perl-parent=0.238=pl5321hd8ed1ab_0
  - perl-pathtools=3.75=pl5321h775f41a_0
  - perl-scalar-list-utils=1.63=pl5321h775f41a_0
  - perl-storable=3.15=pl5321h775f41a_0
  - perl-types-serialiser=1.01=pl5321hdfd78af_0
  - pip=22.3=pyhd8ed1ab_0
  - python=3.7.12=hf3644f1_100_cpython
  - python_abi=3.7=2_cp37m
  - raxml=8.2.12=ha5712d3_4
  - raxml-ng=1.1.0=h116a04b_1
  - readline=8.1.2=h3899abd_0
  - scipy=1.7.3=py37h4e3cf02_0
  - setuptools=65.5.0=pyhd8ed1ab_0
  - sqlite=3.39.4=h9ae0607_0
  - tk=8.6.12=h5dbffcc_0
  - wget=1.20.3=hd3787cc_1
  - wheel=0.37.1=pyhd8ed1ab_0
  - xz=5.2.6=h775f41a_0
  - zlib=1.2.13=hfd90126_4
  - zstd=1.5.2=hfa58983_4
prefix: /Users/jbarrick/miniconda3/envs/orthofinder
