46
BBBE       0.00000000 0.31182757 0.30436435 0.30325339 0.30337039 0.30371191 0.30354862 0.30342941 0.30383987 0.30496369 0.30373625 0.30371035 0.30367763 0.30379632 0.30377591 0.30375590 0.30239156 0.29195249 0.31134502 0.31134006 0.31112781 0.31438147 0.31462993 0.31462836 0.31461518 0.31468944 0.31466630 0.31465610 0.31471131 0.31486659 0.31455576 0.31464007 0.31471368 0.31476583 0.31485472 0.31470987 0.31457622 0.31470239 0.31453318 0.31051032 0.30993646 0.31016669 0.31492795 0.28863932 0.31895510 0.31033955 
EL285      0.31182757 0.00000000 0.16754629 0.16694600 0.16697153 0.16718726 0.16696656 0.16726457 0.16710563 0.16820950 0.16764302 0.16755050 0.16753434 0.16758510 0.16761088 0.16765763 0.08027607 0.17567297 0.18234986 0.18236611 0.18228842 0.05210916 0.05227120 0.05221866 0.05215074 0.05227693 0.05222138 0.05231441 0.05218254 0.05226609 0.05223787 0.05224730 0.05222063 0.05224378 0.05228483 0.05222341 0.05217182 0.05227099 0.05081200 0.17622377 0.17579179 0.17593052 0.06719147 0.18421563 0.19585835 0.05870284 
IPKPMCFA   0.30436435 0.16754629 0.00000000 0.03810427 0.03810195 0.03892750 0.03872592 0.03871742 0.03900649 0.04151516 0.04365505 0.04373318 0.04365656 0.04378410 0.04373006 0.04379204 0.16170020 0.15851387 0.17614455 0.17616367 0.17606538 0.16573178 0.16681581 0.16679947 0.16677452 0.16692430 0.16686418 0.16694228 0.16681289 0.16697543 0.16687005 0.16684129 0.16682035 0.16681916 0.16693341 0.16681091 0.16676212 0.16686532 0.16624570 0.08140625 0.08093985 0.08108797 0.17198112 0.17328976 0.17812881 0.16781013 
NGMDFPDP   0.30325339 0.16694600 0.03810427 0.00000000 0.00315184 0.00474040 0.00539042 0.00565062 0.00608487 0.01086724 0.01815830 0.01825262 0.01818909 0.01829755 0.01831753 0.01825487 0.16085175 0.15723930 0.17507067 0.17505255 0.17495463 0.16509938 0.16575382 0.16571444 0.16562987 0.16583420 0.16569936 0.16580856 0.16574469 0.16589679 0.16573414 0.16576829 0.16573333 0.16573212 0.16590251 0.16576366 0.16568266 0.16575465 0.16514428 0.07528076 0.07482322 0.07494280 0.17094272 0.17206890 0.17694756 0.16695937 
DCJOKJGC   0.30337039 0.16697153 0.03810195 0.00315184 0.00000000 0.00481548 0.00525044 0.00511762 0.00613345 0.01059795 0.01812922 0.01821516 0.01815978 0.01826813 0.01826422 0.01825322 0.16095671 0.15731992 0.17499004 0.17497192 0.17486891 0.16509634 0.16578570 0.16574630 0.16567523 0.16585996 0.16572879 0.16583907 0.16577500 0.16592478 0.16577665 0.16580132 0.16576635 0.16576514 0.16591326 0.16580738 0.16570453 0.16577598 0.16520727 0.07506505 0.07459036 0.07471446 0.17098737 0.17220398 0.17695316 0.16698736 
PEOOCOEB   0.30371191 0.16718726 0.03892750 0.00474040 0.00481548 0.00000000 0.00448648 0.00532695 0.00544057 0.01059993 0.01791636 0.01806996 0.01797883 0.01811112 0.01809910 0.01808438 0.16105495 0.15739589 0.17523080 0.17520647 0.17511851 0.16535525 0.16599006 0.16595066 0.16586605 0.16607046 0.16591162 0.16601957 0.16598207 0.16612122 0.16596303 0.16600185 0.16596721 0.16596600 0.16611294 0.16599755 0.16593050 0.16596972 0.16554789 0.07527524 0.07485544 0.07493387 0.17110405 0.17248962 0.17710099 0.16718672 
MHFFGBDM   0.30354862 0.16696656 0.03872592 0.00539042 0.00525044 0.00448648 0.00000000 0.00490650 0.00521300 0.01070962 0.01731042 0.01744028 0.01737742 0.01747716 0.01745414 0.01749991 0.16095679 0.15735782 0.17526323 0.17522394 0.17518023 0.16501877 0.16573360 0.16570544 0.16563442 0.16584116 0.16567898 0.16577719 0.16573685 0.16590939 0.16573903 0.16574268 0.16571928 0.16571807 0.16587712 0.16576029 0.16568675 0.16575564 0.16518789 0.07528639 0.07479394 0.07490900 0.17100163 0.17219402 0.17711506 0.16701723 
EPECHDMP   0.30342941 0.16726457 0.03871742 0.00565062 0.00511762 0.00532695 0.00490650 0.00000000 0.00629508 0.00978370 0.01746685 0.01761971 0.01755710 0.01762481 0.01763797 0.01763417 0.16105173 0.15754597 0.17508376 0.17505988 0.17497346 0.16512655 0.16583024 0.16579296 0.16570699 0.16592381 0.16577039 0.16589029 0.16582225 0.16597547 0.16582029 0.16584418 0.16580738 0.16580617 0.16595246 0.16584842 0.16578320 0.16582829 0.16527088 0.07517441 0.07476121 0.07487628 0.17106654 0.17238357 0.17695843 0.16712137 
EMBLIICP   0.30383987 0.16710563 0.03900649 0.00608487 0.00613345 0.00544057 0.00521300 0.00629508 0.00000000 0.01097729 0.01819950 0.01836123 0.01828676 0.01840224 0.01840196 0.01836796 0.16116618 0.15757809 0.17522776 0.17520443 0.17507944 0.16518694 0.16587724 0.16583431 0.16574352 0.16592494 0.16581509 0.16592408 0.16582724 0.16602593 0.16582221 0.16584857 0.16580156 0.16580035 0.16601241 0.16584827 0.16579847 0.16588412 0.16543967 0.07542267 0.07498804 0.07509522 0.17120520 0.17246001 0.17726886 0.16721423 
OIDCCKFD   0.30496369 0.16820950 0.04151516 0.01086724 0.01059795 0.01059993 0.01070962 0.00978370 0.01097729 0.00000000 0.01388967 0.01404360 0.01392677 0.01403247 0.01406124 0.01402661 0.16182700 0.15865912 0.17599608 0.17597650 0.17587252 0.16601369 0.16675198 0.16672293 0.16667005 0.16687540 0.16674178 0.16688048 0.16677268 0.16689816 0.16677329 0.16680566 0.16676517 0.16676398 0.16691975 0.16678905 0.16673055 0.16677387 0.16627131 0.07559679 0.07510097 0.07523758 0.17217464 0.17331516 0.17789324 0.16814192 
CAHOLCOL   0.30373625 0.16764302 0.04365505 0.01815830 0.01812922 0.01791636 0.01731042 0.01746685 0.01819950 0.01388967 0.00000000 0.00141030 0.00139874 0.00138347 0.00137200 0.00136835 0.16146953 0.15823251 0.17576650 0.17574466 0.17564625 0.16572121 0.16648240 0.16647419 0.16641465 0.16658826 0.16645071 0.16658877 0.16652749 0.16665722 0.16651349 0.16655083 0.16652060 0.16651941 0.16664699 0.16654925 0.16647113 0.16652396 0.16568954 0.07449129 0.07401118 0.07412693 0.17144576 0.17256349 0.17737530 0.16751063 
GCDFGLPA   0.30371035 0.16755050 0.04373318 0.01825262 0.01821516 0.01806996 0.01744028 0.01761971 0.01836123 0.01404360 0.00141030 0.00000000 0.00072485 0.00076287 0.00079688 0.00113157 0.16140590 0.15811705 0.17578920 0.17577753 0.17567455 0.16574026 0.16646361 0.16644918 0.16640158 0.16657507 0.16643762 0.16658484 0.16650902 0.16662006 0.16649902 0.16653767 0.16650746 0.16650627 0.16664288 0.16653609 0.16644599 0.16649758 0.16563672 0.07441308 0.07392848 0.07404414 0.17147369 0.17255844 0.17732526 0.16753187 
IHHODCJK   0.30367763 0.16753434 0.04365656 0.01818909 0.01815978 0.01797883 0.01737742 0.01755710 0.01828676 0.01392677 0.00139874 0.00072485 0.00000000 0.00078182 0.00072857 0.00118484 0.16143516 0.15812055 0.17571081 0.17568399 0.17559936 0.16570813 0.16642681 0.16641239 0.16636169 0.16653829 0.16640083 0.16654495 0.16647223 0.16658326 0.16645913 0.16650088 0.16647067 0.16646948 0.16660608 0.16649930 0.16640920 0.16645769 0.16557700 0.07442139 0.07393036 0.07404603 0.17137785 0.17255344 0.17727458 0.16748282 
MJAEBMJE   0.30379632 0.16758510 0.04378410 0.01829755 0.01826813 0.01811112 0.01747716 0.01762481 0.01840224 0.01403247 0.00138347 0.00076287 0.00078182 0.00000000 0.00073236 0.00095672 0.16140714 0.15812396 0.17579656 0.17578044 0.17568495 0.16576675 0.16649721 0.16648279 0.16643517 0.16660870 0.16647122 0.16661847 0.16654263 0.16666574 0.16654467 0.16657129 0.16654108 0.16653989 0.16668857 0.16656972 0.16649163 0.16654324 0.16567615 0.07448979 0.07400512 0.07412080 0.17151637 0.17257188 0.17728454 0.16756938 
JPLDOKKC   0.30377591 0.16761088 0.04373006 0.01831753 0.01826422 0.01809910 0.01745414 0.01763797 0.01840196 0.01406124 0.00137200 0.00079688 0.00072857 0.00073236 0.00000000 0.00100973 0.16143964 0.15818886 0.17584565 0.17581845 0.17572631 0.16575147 0.16651379 0.16649937 0.16643987 0.16661336 0.16647591 0.16663503 0.16655920 0.16667026 0.16653731 0.16657596 0.16654576 0.16654456 0.16668118 0.16657439 0.16648429 0.16654778 0.16567065 0.07444474 0.07395805 0.07407370 0.17147938 0.17261542 0.17735572 0.16760567 
NMIIJIPG   0.30375590 0.16765763 0.04379204 0.01825487 0.01825322 0.01808438 0.01749991 0.01763417 0.01836796 0.01402661 0.00136835 0.00113157 0.00118484 0.00095672 0.00100973 0.00000000 0.16147730 0.15818300 0.17585781 0.17583505 0.17575254 0.16582145 0.16658685 0.16657241 0.16650116 0.16668642 0.16654895 0.16670085 0.16663638 0.16674362 0.16662239 0.16664902 0.16661881 0.16661762 0.16675904 0.16664744 0.16655763 0.16662113 0.16573820 0.07451613 0.07403748 0.07415315 0.17159318 0.17262722 0.17744878 0.16764022 
BGR        0.30239156 0.08027607 0.16170020 0.16085175 0.16095671 0.16105495 0.16095679 0.16105173 0.16116618 0.16182700 0.16146953 0.16140590 0.16143516 0.16140714 0.16143964 0.16147730 0.00000000 0.16586928 0.17447932 0.17448574 0.17435864 0.08736867 0.08790036 0.08781055 0.08777011 0.08798088 0.08781424 0.08791793 0.08779196 0.08794465 0.08782142 0.08786515 0.08778740 0.08781398 0.08788396 0.08778649 0.08775244 0.08786410 0.08788485 0.17004988 0.16954636 0.16972257 0.08041552 0.17238775 0.18809493 0.07715784 
PRJBM      0.29195249 0.17567297 0.15851387 0.15723930 0.15731992 0.15739589 0.15735782 0.15754597 0.15757809 0.15865912 0.15823251 0.15811705 0.15812055 0.15812396 0.15818886 0.15818300 0.16586928 0.00000000 0.17778085 0.17778593 0.17761506 0.17756479 0.17807154 0.17816833 0.17804563 0.17817943 0.17812837 0.17833036 0.17811928 0.17816417 0.17817526 0.17813623 0.17809700 0.17813906 0.17823714 0.17818340 0.17811862 0.17829316 0.17702191 0.16549152 0.16519137 0.16540742 0.17832750 0.13235616 0.18734382 0.17426180 
BMMGAKCC   0.31134502 0.18234986 0.17614455 0.17507067 0.17499004 0.17523080 0.17526323 0.17508376 0.17522776 0.17599608 0.17576650 0.17578920 0.17571081 0.17579656 0.17584565 0.17585781 0.17447932 0.17778085 0.00000000 0.00050158 0.00125532 0.18437673 0.18440298 0.18440242 0.18436576 0.18456463 0.18444638 0.18448694 0.18439482 0.18452961 0.18441254 0.18444312 0.18440854 0.18443442 0.18445459 0.18441669 0.18440883 0.18450045 0.18358314 0.18317554 0.18281661 0.18297812 0.18548476 0.18336353 0.20297358 0.18111052 
FGBOIPEM   0.31134006 0.18236611 0.17616367 0.17505255 0.17497192 0.17520647 0.17522394 0.17505988 0.17520443 0.17597650 0.17574466 0.17577753 0.17568399 0.17578044 0.17581845 0.17583505 0.17448574 0.17778593 0.00050158 0.00000000 0.00119425 0.18435342 0.18439614 0.18439558 0.18435893 0.18455779 0.18443955 0.18448011 0.18438799 0.18451814 0.18440571 0.18443628 0.18440171 0.18442758 0.18444776 0.18440986 0.18440200 0.18449361 0.18355252 0.18313318 0.18280427 0.18296578 0.18544061 0.18337154 0.20298318 0.18111296 
OGFLLMDA   0.31112781 0.18228842 0.17606538 0.17495463 0.17486891 0.17511851 0.17518023 0.17497346 0.17507944 0.17587252 0.17564625 0.17567455 0.17559936 0.17568495 0.17572631 0.17575254 0.17435864 0.17761506 0.00125532 0.00119425 0.00000000 0.18429632 0.18430154 0.18430216 0.18426433 0.18446319 0.18434548 0.18438549 0.18429842 0.18442871 0.18431111 0.18434223 0.18430766 0.18433353 0.18435314 0.18431580 0.18430740 0.18439413 0.18350528 0.18303369 0.18267954 0.18284105 0.18545512 0.18326646 0.20290535 0.18106751 
EMOIKDEC   0.31438147 0.05210916 0.16573178 0.16509938 0.16509634 0.16535525 0.16501877 0.16512655 0.16518694 0.16601369 0.16572121 0.16574026 0.16570813 0.16576675 0.16575147 0.16582145 0.08736867 0.17756479 0.18437673 0.18435342 0.18429632 0.00000000 0.02679262 0.02663826 0.02665316 0.02695169 0.02649724 0.02676954 0.02664270 0.02697782 0.02671389 0.02666597 0.02662213 0.02664035 0.02675737 0.02663508 0.02670535 0.02696632 0.03511357 0.17485036 0.17446332 0.17465161 0.07542914 0.18677862 0.19816784 0.06811276 
JEMLOCML   0.31462993 0.05227120 0.16681581 0.16575382 0.16578570 0.16599006 0.16573360 0.16583024 0.16587724 0.16675198 0.16648240 0.16646361 0.16642681 0.16649721 0.16651379 0.16658685 0.08790036 0.17807154 0.18440298 0.18439614 0.18430154 0.02679262 0.00000000 0.00104452 0.00091152 0.00135654 0.00130720 0.00165741 0.00109024 0.00171482 0.00107875 0.00102164 0.00105208 0.00107874 0.00158883 0.00110532 0.00105980 0.00146696 0.03118743 0.17543265 0.17502088 0.17518202 0.07602437 0.18765907 0.19835687 0.06833222 
CNPEIIHJ   0.31462836 0.05221866 0.16679947 0.16571444 0.16574630 0.16595066 0.16570544 0.16579296 0.16583431 0.16672293 0.16647419 0.16644918 0.16641239 0.16648279 0.16649937 0.16657241 0.08781055 0.17816833 0.18440242 0.18439558 0.18430216 0.02663826 0.00104452 0.00000000 0.00085436 0.00143275 0.00104068 0.00180244 0.00101410 0.00190930 0.00123856 0.00118911 0.00115867 0.00118532 0.00171465 0.00122716 0.00106748 0.00160040 0.03112636 0.17546065 0.17503913 0.17519313 0.07596832 0.18764306 0.19837905 0.06825909 
FNJMBGLL   0.31461518 0.05215074 0.16677452 0.16562987 0.16567523 0.16586605 0.16563442 0.16570699 0.16574352 0.16667005 0.16641465 0.16640158 0.16636169 0.16643517 0.16643987 0.16650116 0.08777011 0.17804563 0.18436576 0.18435893 0.18426433 0.02665316 0.00091152 0.00085436 0.00000000 0.00129195 0.00105599 0.00173396 0.00094557 0.00178352 0.00103317 0.00108649 0.00102562 0.00103707 0.00165770 0.00108647 0.00103326 0.00143287 0.03103745 0.17538300 0.17497011 0.17512711 0.07596220 0.18753975 0.19828104 0.06823177 
KJGNIHHA   0.31468944 0.05227693 0.16692430 0.16583420 0.16585996 0.16607046 0.16584116 0.16592381 0.16592494 0.16687540 0.16658826 0.16657507 0.16653829 0.16660870 0.16661336 0.16668642 0.08798088 0.17817943 0.18456463 0.18455779 0.18446319 0.02695169 0.00135654 0.00143275 0.00129195 0.00000000 0.00163861 0.00170321 0.00141372 0.00186711 0.00134126 0.00136419 0.00138322 0.00138706 0.00172608 0.00137561 0.00136044 0.00161167 0.03122431 0.17551723 0.17510133 0.17525833 0.07597819 0.18760528 0.19848801 0.06833464 
ELDOKPEM   0.31466630 0.05222138 0.16686418 0.16569936 0.16572879 0.16591162 0.16567898 0.16577039 0.16581509 0.16674178 0.16645071 0.16643762 0.16640083 0.16647122 0.16647591 0.16654895 0.08781424 0.17812837 0.18444638 0.18443955 0.18434548 0.02649724 0.00130720 0.00104068 0.00105599 0.00163861 0.00000000 0.00175659 0.00120437 0.00193232 0.00132991 0.00119677 0.00120439 0.00123105 0.00183676 0.00125765 0.00117406 0.00177579 0.03110390 0.17543552 0.17503370 0.17518130 0.07596147 0.18766308 0.19836151 0.06829632 
BOFBMHLF   0.31465610 0.05231441 0.16694228 0.16580856 0.16583907 0.16601957 0.16577719 0.16589029 0.16592408 0.16688048 0.16658877 0.16658484 0.16654495 0.16661847 0.16663503 0.16670085 0.08791793 0.17833036 0.18448694 0.18448011 0.18438549 0.02676954 0.00165741 0.00180244 0.00173396 0.00170321 0.00175659 0.00000000 0.00173370 0.00174139 0.00161930 0.00161542 0.00173742 0.00175649 0.00148212 0.00172973 0.00176420 0.00133362 0.03125894 0.17558299 0.17516497 0.17532613 0.07612322 0.18777929 0.19855558 0.06843548 
LKICNHNN   0.31471131 0.05218254 0.16681289 0.16574469 0.16577500 0.16598207 0.16573685 0.16582225 0.16582724 0.16677268 0.16652749 0.16650902 0.16647223 0.16654263 0.16655920 0.16663638 0.08779196 0.17811928 0.18439482 0.18438799 0.18429842 0.02664270 0.00109024 0.00101410 0.00094557 0.00141372 0.00120437 0.00173370 0.00000000 0.00186340 0.00105972 0.00096078 0.00084673 0.00087336 0.00158515 0.00103685 0.00101031 0.00155458 0.03106890 0.17537273 0.17496682 0.17512795 0.07598277 0.18760154 0.19838392 0.06831142 
NGJGDJAJ   0.31486659 0.05226609 0.16697543 0.16589679 0.16592478 0.16612122 0.16590939 0.16597547 0.16602593 0.16689816 0.16665722 0.16662006 0.16658326 0.16666574 0.16667026 0.16674362 0.08794465 0.17816417 0.18452961 0.18451814 0.18442871 0.02697782 0.00171482 0.00190930 0.00178352 0.00186711 0.00193232 0.00174139 0.00186340 0.00000000 0.00182508 0.00185961 0.00182539 0.00185211 0.00164615 0.00192070 0.00177201 0.00143659 0.03127695 0.17560005 0.17516610 0.17532726 0.07613351 0.18778532 0.19853018 0.06843939 
MOMDPIKI   0.31455576 0.05223787 0.16687005 0.16573414 0.16577665 0.16596303 0.16573903 0.16582029 0.16582221 0.16677329 0.16651349 0.16649902 0.16645913 0.16654467 0.16653731 0.16662239 0.08782142 0.17817526 0.18441254 0.18440571 0.18431111 0.02671389 0.00107875 0.00123856 0.00103317 0.00134126 0.00132991 0.00161930 0.00105972 0.00182508 0.00000000 0.00093802 0.00090000 0.00094186 0.00155456 0.00108257 0.00096081 0.00136412 0.03105191 0.17541660 0.17499845 0.17515958 0.07597306 0.18759109 0.19836087 0.06830256 
CHDJJCHF   0.31464007 0.05224730 0.16684129 0.16576829 0.16580132 0.16600185 0.16574268 0.16584418 0.16584857 0.16680566 0.16655083 0.16653767 0.16650088 0.16657129 0.16657596 0.16664902 0.08786515 0.17813623 0.18444312 0.18443628 0.18434223 0.02666597 0.00102164 0.00118911 0.00108649 0.00136419 0.00119677 0.00161542 0.00096078 0.00185961 0.00093802 0.00000000 0.00045540 0.00047439 0.00161550 0.00047056 0.00118144 0.00153550 0.03112812 0.17545298 0.17503886 0.17520000 0.07596587 0.18762371 0.19840212 0.06833569 
GCOMBPFH   0.31471368 0.05222063 0.16682035 0.16573333 0.16576635 0.16596721 0.16571928 0.16580738 0.16580156 0.16676517 0.16652060 0.16650746 0.16647067 0.16654108 0.16654576 0.16661881 0.08778740 0.17809700 0.18440854 0.18440171 0.18430766 0.02662213 0.00105208 0.00115867 0.00102562 0.00138322 0.00120439 0.00173742 0.00084673 0.00182539 0.00090000 0.00045540 0.00000000 0.00004931 0.00161166 0.00034909 0.00109013 0.00157364 0.03107065 0.17541293 0.17501515 0.17517629 0.07594432 0.18754717 0.19836665 0.06827181 
JGDFGBJJ   0.31476583 0.05224378 0.16681916 0.16573212 0.16576514 0.16596600 0.16571807 0.16580617 0.16580035 0.16676398 0.16651941 0.16650627 0.16646948 0.16653989 0.16654456 0.16661762 0.08781398 0.17813906 0.18443442 0.18442758 0.18433353 0.02664035 0.00107874 0.00118532 0.00103707 0.00138706 0.00123105 0.00175649 0.00087336 0.00185211 0.00094186 0.00047439 0.00004931 0.00000000 0.00163073 0.00035290 0.00110156 0.00160033 0.03109184 0.17543539 0.17503758 0.17519873 0.07597083 0.18758220 0.19840679 0.06829542 
GFDDFGGD   0.31485472 0.05228483 0.16693341 0.16590251 0.16591326 0.16611294 0.16587712 0.16595246 0.16601241 0.16691975 0.16664699 0.16664288 0.16660608 0.16668857 0.16668118 0.16675904 0.08788396 0.17823714 0.18445459 0.18444776 0.18435314 0.02675737 0.00158883 0.00171465 0.00165770 0.00172608 0.00183676 0.00148212 0.00158515 0.00164615 0.00155456 0.00161550 0.00161166 0.00163073 0.00000000 0.00164209 0.00156980 0.00136795 0.03120026 0.17558362 0.17516971 0.17532674 0.07603626 0.18774307 0.19848690 0.06838069 
BINCMBPP   0.31470987 0.05222341 0.16681091 0.16576366 0.16580738 0.16599755 0.16576029 0.16584842 0.16584827 0.16678905 0.16654925 0.16653609 0.16649930 0.16656972 0.16657439 0.16664744 0.08778649 0.17818340 0.18441669 0.18440986 0.18431580 0.02663508 0.00110532 0.00122716 0.00108647 0.00137561 0.00125765 0.00172973 0.00103685 0.00192070 0.00108257 0.00047056 0.00034909 0.00035290 0.00164209 0.00000000 0.00120427 0.00161932 0.03107064 0.17541133 0.17501354 0.17517468 0.07596645 0.18761888 0.19837876 0.06831543 
DJDNEOMB   0.31457622 0.05217182 0.16676212 0.16568266 0.16570453 0.16593050 0.16568675 0.16578320 0.16579847 0.16673055 0.16647113 0.16644599 0.16640920 0.16649163 0.16648429 0.16655763 0.08775244 0.17811862 0.18440883 0.18440200 0.18430740 0.02670535 0.00105980 0.00106748 0.00103326 0.00136044 0.00117406 0.00176420 0.00101031 0.00177201 0.00096081 0.00118144 0.00109013 0.00110156 0.00156980 0.00120427 0.00000000 0.00150129 0.03101844 0.17538918 0.17497627 0.17512387 0.07592290 0.18762228 0.19833230 0.06831163 
GMAGJBIB   0.31470239 0.05227099 0.16686532 0.16575465 0.16577598 0.16596972 0.16575564 0.16582829 0.16588412 0.16677387 0.16652396 0.16649758 0.16645769 0.16654324 0.16654778 0.16662113 0.08786410 0.17829316 0.18450045 0.18449361 0.18439413 0.02696632 0.00146696 0.00160040 0.00143287 0.00161167 0.00177579 0.00133362 0.00155458 0.00143659 0.00136412 0.00153550 0.00157364 0.00160033 0.00136795 0.00161932 0.00150129 0.00000000 0.03109589 0.17542703 0.17500190 0.17516306 0.07606387 0.18777001 0.19852960 0.06836942 
PDPJCBEH   0.31453318 0.05081200 0.16624570 0.16514428 0.16520727 0.16554789 0.16518789 0.16527088 0.16543967 0.16627131 0.16568954 0.16563672 0.16557700 0.16567615 0.16567065 0.16573820 0.08788485 0.17702191 0.18358314 0.18355252 0.18350528 0.03511357 0.03118743 0.03112636 0.03103745 0.03122431 0.03110390 0.03125894 0.03106890 0.03127695 0.03105191 0.03112812 0.03107065 0.03109184 0.03120026 0.03107064 0.03101844 0.03109589 0.00000000 0.17500748 0.17449406 0.17466306 0.07660281 0.18710163 0.19796483 0.06913957 
KLALJOCO   0.31051032 0.17622377 0.08140625 0.07528076 0.07506505 0.07527524 0.07528639 0.07517441 0.07542267 0.07559679 0.07449129 0.07441308 0.07442139 0.07448979 0.07444474 0.07451613 0.17004988 0.16549152 0.18317554 0.18313318 0.18303369 0.17485036 0.17543265 0.17546065 0.17538300 0.17551723 0.17543552 0.17558299 0.17537273 0.17560005 0.17541660 0.17545298 0.17541293 0.17543539 0.17558362 0.17541133 0.17538918 0.17542703 0.17500748 0.00000000 0.00266032 0.00269042 0.18032601 0.18075866 0.18496851 0.17662767 
IPPNIHCA   0.30993646 0.17579179 0.08093985 0.07482322 0.07459036 0.07485544 0.07479394 0.07476121 0.07498804 0.07510097 0.07401118 0.07392848 0.07393036 0.07400512 0.07395805 0.07403748 0.16954636 0.16519137 0.18281661 0.18280427 0.18267954 0.17446332 0.17502088 0.17503913 0.17497011 0.17510133 0.17503370 0.17516497 0.17496682 0.17516610 0.17499845 0.17503886 0.17501515 0.17503758 0.17516971 0.17501354 0.17497627 0.17500190 0.17449406 0.00266032 0.00000000 0.00055448 0.17963702 0.18026709 0.18455933 0.17598721 
IMMEILNN   0.31016669 0.17593052 0.08108797 0.07494280 0.07471446 0.07493387 0.07490900 0.07487628 0.07509522 0.07523758 0.07412693 0.07404414 0.07404603 0.07412080 0.07407370 0.07415315 0.16972257 0.16540742 0.18297812 0.18296578 0.18284105 0.17465161 0.17518202 0.17519313 0.17512711 0.17525833 0.17518130 0.17532613 0.17512795 0.17532726 0.17515958 0.17520000 0.17517629 0.17519873 0.17532674 0.17517468 0.17512387 0.17516306 0.17466306 0.00269042 0.00055448 0.00000000 0.17984076 0.18043405 0.18474467 0.17613684 
BN338      0.31492795 0.06719147 0.17198112 0.17094272 0.17098737 0.17110405 0.17100163 0.17106654 0.17120520 0.17217464 0.17144576 0.17147369 0.17137785 0.17151637 0.17147938 0.17159318 0.08041552 0.17832750 0.18548476 0.18544061 0.18545512 0.07542914 0.07602437 0.07596832 0.07596220 0.07597819 0.07596147 0.07612322 0.07598277 0.07613351 0.07597306 0.07596587 0.07594432 0.07597083 0.07603626 0.07596645 0.07592290 0.07606387 0.07660281 0.18032601 0.17963702 0.17984076 0.00000000 0.18608573 0.19811576 0.05013781 
MF1        0.28863932 0.18421563 0.17328976 0.17206890 0.17220398 0.17248962 0.17219402 0.17238357 0.17246001 0.17331516 0.17256349 0.17255844 0.17255344 0.17257188 0.17261542 0.17262722 0.17238775 0.13235616 0.18336353 0.18337154 0.18326646 0.18677862 0.18765907 0.18764306 0.18753975 0.18760528 0.18766308 0.18777929 0.18760154 0.18778532 0.18759109 0.18762371 0.18754717 0.18758220 0.18774307 0.18761888 0.18762228 0.18777001 0.18710163 0.18075866 0.18026709 0.18043405 0.18608573 0.00000000 0.19514989 0.18208677 
BN67       0.31895510 0.19585835 0.17812881 0.17694756 0.17695316 0.17710099 0.17711506 0.17695843 0.17726886 0.17789324 0.17737530 0.17732526 0.17727458 0.17728454 0.17735572 0.17744878 0.18809493 0.18734382 0.20297358 0.20298318 0.20290535 0.19816784 0.19835687 0.19837905 0.19828104 0.19848801 0.19836151 0.19855558 0.19838392 0.19853018 0.19836087 0.19840212 0.19836665 0.19840679 0.19848690 0.19837876 0.19833230 0.19852960 0.19796483 0.18496851 0.18455933 0.18474467 0.19811576 0.19514989 0.00000000 0.19461223 
BM1374166  0.31033955 0.05870284 0.16781013 0.16695937 0.16698736 0.16718672 0.16701723 0.16712137 0.16721423 0.16814192 0.16751063 0.16753187 0.16748282 0.16756938 0.16760567 0.16764022 0.07715784 0.17426180 0.18111052 0.18111296 0.18106751 0.06811276 0.06833222 0.06825909 0.06823177 0.06833464 0.06829632 0.06843548 0.06831142 0.06843939 0.06830256 0.06833569 0.06827181 0.06829542 0.06838069 0.06831543 0.06831163 0.06836942 0.06913957 0.17662767 0.17598721 0.17613684 0.05013781 0.18208677 0.19461223 0.00000000 
